$ANSIBLE_VAULT;1.1;AES256
32383765613832343166306664326363353861333765363561316231386132306432313264353738
6330633261363438623665303738643735363432386237390a353032613538633830623438356137
39666132303430353465323961313364343630373735623934323863313636663234326631663838
3937633635333536380a353039666362653566393833376631636638663330373566396637646461
65343265366539363133396464613134373235653831333938336466326139646264333961633961
34336165323639616266633034663238313062303261303134386464323533333562326638656532
64366534303062323561343765343734653730343732396537626635633966663164316631633438
38363466343232653462393635303063353831623363353561626666363762643732323661313164
61386232376335303337306430656131376661376535366133653866636663626661613362633636
31613262616632336534333165313339393230363861656564616632333463326665353535326637
30643136643438373265366230663936363065663433393164396634373731623739376561393837
30333861316537656233373566666237376335363132656331636235646432636365363737336136
39616133383966323232346138363730616634316338393762386537383033353731373930343633
61343361353835393334323536303763643335316333623465333764663363376134393262313239
62333938373438393130393531383439626139333763333862666432633630323930373038653236
34316134353335366136343635336237363434633663613364373532386464336164666664366563
32366335333830393337376433363039643337363562333332383166336262333865313034373734
65663864323533656332373935656432643465313862373836643163316366363831653731356631
65623063326431656562343137386331323365643663333136313130333034666561333764366537
61326338376465633334373839613032343465643534353337623632613265386237643831353937
61353563663238656232373461636633393966303039613333616262336436623063396632353738
61326638663337653133353235333538656136313935316361643838306535653863646534366162
31356166396466393364306363333132323438663463616362313435656464386462643961653830
66353963616237353363
