$ANSIBLE_VAULT;1.1;AES256
64383263623432336634306364313730333763393366393937633361343361653236363632643765
6666636265306237623432316566383365643638363530630a343635333933306563616233346433
61303762623836653535383066653432303839313338316338663437353238316630353661663939
3338643066663663660a626161323638373466636361633462633832376165343862623063323435
31366665336333303965313833313735323666316430393866363732666139646663363164373265
65316439323666333932353838333466623732323034343766633534633337393364653630653265
66336535663435643137376434323063613438613763663063636338333130633337616230323264
35666539323231393935313765386636616431366461323433333634643462303861613336393366
31363765663537346564393639363433336161373736326235376638316433393638363930663732
38306463636463356666333639356539343165633335366433353039373436306466353433313734
39383337623338633538626634366532626133666230303030303032396261626563393335623464
64363837373636373637666436346239353532333766363135663161653132393531613436633935
35303262643966376436363865366336346330363830653565303261343937336632656337633663
36323633363735313136366337393463373031333062646461663265303334303564353466363038
66396566353236386338313661343333306332613364646336626634666263623464326232616266
36653033373234353133626537333630613532353832393266356663633636643866376439663034
66643666323933616237633361616531343166323336633030386666613833383861356230613364
32613536396537323632663965373131373839376566333030613137376136343262313362383230
32643266326465396561663830366136386232373336323238333435646538313866396466633532
37636264323764666664376630353637333738393037663265376461656138363737663537363661
32343739663166386439353531633535373531303634366362383531636166623833373937303931
37623662373730666234616262663162396463353862383439363839653664303264393262373264
33346431313534613938306131393135393366663663323233613166393539363938356165613334
32653637666133353437646264353336353665613134313062646166326530363430383337313331
34373639323066323933646532313231353932316436363532393663663537636633363061306134
35653862383165386437626132653330383935656532346233393231666335306334623965306334
31366437356531313161343938303665336531353237363138303037613631313635643639363361
38306161353633333330343135306362633130623138333835346564333733303034323833313862
31636436313338356139313339623431616462623864336432323862333461363237363133313762
65613637323332653963663361396132306231343131393365666232373263643663303966636235
37666532633130316162653732383462356332343565346666383837633639633935316264663734
35643962626566393231346539633539323835613964353435633138626335363064323738626136
63346261343032373236373939623337613966343736386132313265636663333131376666646330
32316365313930366632316234373863303435383930643139633337346536666362363465353861
61653138636131353231643239373233363663323330616237306536666661373739366264363162
31343461336534323034333765393866346663303037633066353331646262336362353065383532
64303964366431643039363031323939326134653465646661363733623764343431346265656135
35643838376263626338363736373536326362383763383237626333303433373734346461333131
65333433303431646435613030333234653933643337393130313366346132646239633666613264
37393038393133343732303061316663303331343238626639643334363365383438333062633161
31333138373232656361633639336335356530366661313539373666326435666332383036333731
61343732373639383263373563626136393962333064393235613763316332326565396561643563
61363264616665303630303037393335633064363536616532646461363037653636376433376536
32373130333939643537313136383638616633393936356161386530333365663537353261366663
38653333303465623565623062626239313863343738316235383333306164346463666532636533
31336436323530613733373764353033366634616136616433656436396239663030646233623930
65396433303137613462373935373230343264393338653738306134633130666164313530346662
31633936613064633531663731666336656334653361393163393835663533323662353738333562
32666362393666376563633137386431306363313534626234363635646639663239306233313964
38613939336631396239636534636336376638633462363036353464363737626635313966303232
63613063333639306464383562303338313463363465353030613566353436363531613834656131
39333365313764643438656131613034623936663130323062323031313332356264343539303035
65623135623764396137353562316462366632663631616664313963323433626238333862336461
63666363656434373739366333363461366162343936333934323536313537306365343731383934
31653265613631356330313037313661653166363563363031383535616332383639396130666435
30353930366235336632313965626236373235343739393064626134636262626630353962326436
36393833386139623466353361343263653438653661313030646336313838613030633664386131
37326234383166626562366465633536373462303837353935386332633435313932376434323435
33366566396435346536646536303962313330613432656230613539303864356162353739616162
33396164383162623434383664303836376365666462306231356431363436633862323963353561
36303830366562663738303464343431363562346362346132653264633266363232306535323864
61356664373061623038643939663166626637313734646566643733373235666565333231323530
39633835633930326235363735313832386462616631653465323763323266316131383566306239
32633333363563356334356238366334383938666439643835373336613663636434613663363562
32326566313062636461353630393166623731383338363235326662303961316265393336333433
31306535643330366436643365313866363935666364363238653731346362303638383637616430
36366561663538643631323735353539393339303937373366303932383037663066653931323932
30303133666166613766373334363463353861616665643464323662643365636138666133633231
37303636316634623064643266333735323733386264383964313438656432653062333436646661
36386232383233306133313239396330643864613561316263373862343735356536656433656431
39353065656363393866313633313665316161623334653662386464663237326433626664386564
66663235313333323366336537303235333666316138623264313932646437393234653737363564
63386432666663333032343134343366653935376532643764633034386563346634313531653631
35313332353038356164646636386531346532383535643339393263613436633935356134396539
38613662386235376630323662303262356361356130336435343333306133633637653965343163
33373632346339386461303836323437346161393738636166666464616435356132336632386463
31363164373939393666323138346236313332323764313161303034653832643533373632646536
31393533326161383531323133383561376636353361323730343431336161663661623932666366
61323266623438303832333632303731343134656437393262303533393031303264303337643463
63376534663562613663623762646334333434306262623863643163346161336138343830643830
30663438623339653533666239623465616364363964393536356331383065386566363931616331
38353838373939636234653536303964323863663232613338646635323461303632633333333536
39663765373936396237393862396261616633623039666261376335626533633633636264646433
64363835633462393536383331323935306638363861313066633434393366353238643539643762
65623133626236393862636437326130336461363034643661376465663965663234326239303562
62613431373766396536313164303366363534653738356562306665346266333965656332306263
63366331623264313932626538363538643637666235366464303336376566353965386632646633
64663965616332336665653330613232666462383663626436393963343666383734653462616537
6664
